           1   0.00000000    
           2   0.00000000    
           3   0.00000000    
           4   0.00000000    
           5   0.00000000    
           6   0.00000000    
           7   0.00000000    
           8   0.00000000    
           9   0.00000000    
          10   0.00000000    
          11   0.00000000    
          12   0.00000000    
          13   0.00000000    
          14   0.00000000    
          15   0.00000000    
          16   0.00000000    
          17   0.00000000    
          18   0.00000000    
          19   0.00000000    
          20   0.00000000    
          21   0.00000000    
          22   0.00000000    
          23   0.00000000    
          24   0.00000000    
          25   0.00000000    
          26   0.00000000    
          27   0.00000000    
          28   0.00000000    
          29   0.00000000    
          30   0.00000000    
          31   0.00000000    
          32   0.00000000    
          33   0.00000000    
          34   0.00000000    
          35   0.00000000    
          36   0.00000000    
          37   0.00000000    
          38   0.00000000    
          39   0.00000000    
          40   0.00000000    
          41   0.00000000    
          42   0.00000000    
          43   0.00000000    
          44   0.00000000    
          45   0.00000000    
          46   0.00000000    
          47   0.00000000    
          48   0.00000000    
          49   0.00000000    
          50   0.00000000    
          51   0.00000000    
          52   0.00000000    
          53   0.00000000    
          54   0.00000000    
          55   0.00000000    
          56   0.00000000    
          57   0.00000000    
          58   0.00000000    
          59   0.00000000    
          60   0.00000000    
          61   0.00000000    
          62   0.00000000    
          63   0.00000000    
          64   0.00000000    
          65   0.00000000    
          66   0.00000000    
          67   0.00000000    
          68   0.00000000    
          69   0.00000000    
          70   0.00000000    
          71   0.00000000    
          72   0.00000000    
          73   0.00000000    
          74   0.00000000    
          75   0.00000000    
          76   0.00000000    
          77   0.00000000    
          78   0.00000000    
          79   0.00000000    
          80   0.00000000    
          81   0.00000000    
          82   0.00000000    
          83   0.00000000    
          84   0.00000000    
          85   0.00000000    
          86   0.00000000    
          87   0.00000000    
          88   0.00000000    
          89   0.00000000    
          90   0.00000000    
          91   0.00000000    
          92   0.00000000    
          93   0.00000000    
          94   0.00000000    
          95   0.00000000    
          96   0.00000000    
          97   0.00000000    
          98   0.00000000    
          99   0.00000000    
         100   0.00000000    
         101   0.00000000    
         102   0.00000000    
         103   0.00000000    
         104   0.00000000    
         105   0.00000000    
         106   0.00000000    
         107   0.00000000    
         108   0.00000000    
         109   0.00000000    
         110   0.00000000    
         111   0.00000000    
         112   0.00000000    
         113   0.00000000    
         114   0.00000000    
         115   0.00000000    
         116   0.00000000    
         117   0.00000000    
         118   0.00000000    
         119   0.00000000    
         120   0.00000000    
         121   0.00000000    
         122   0.00000000    
         123   0.00000000    
         124   0.00000000    
         125   0.00000000    
         126   0.00000000    
         127   0.00000000    
         128   0.00000000    
         129   0.00000000    
         130   0.00000000    
         131   0.00000000    
         132   0.00000000    
         133   0.00000000    
         134   0.00000000    
         135   0.00000000    
         136   0.00000000    
         137   0.00000000    
         138   0.00000000    
         139   0.00000000    
         140   0.00000000    
         141   0.00000000    
         142   0.00000000    
         143   0.00000000    
         144   0.00000000    
         145   0.00000000    
         146   0.00000000    
         147   0.00000000    
         148   0.00000000    
         149   0.00000000    
         150   0.00000000    
         151   0.00000000    
         152   0.00000000    
         153   0.00000000    
         154   0.00000000    
         155   0.00000000    
         156   0.00000000    
         157   0.00000000    
         158   0.00000000    
         159   0.00000000    
         160   0.00000000    
         161   0.00000000    
         162   0.00000000    
         163   0.00000000    
         164   0.00000000    
         165   0.00000000    
         166   0.00000000    
         167   0.00000000    
         168   0.00000000    
         169   0.00000000    
         170   0.00000000    
         171   0.00000000    
         172   0.00000000    
         173   0.00000000    
         174   0.00000000    
         175   0.00000000    
         176   0.00000000    
         177   0.00000000    
         178   0.00000000    
         179   0.00000000    
         180   0.00000000    
         181   0.00000000    
         182   0.00000000    
         183   0.00000000    
         184   0.00000000    
         185   0.00000000    
         186   0.00000000    
         187   0.00000000    
         188   0.00000000    
         189   0.00000000    
         190   0.00000000    
         191   0.00000000    
         192   0.00000000    
         193   0.00000000    
         194   0.00000000    
         195   0.00000000    
         196   0.00000000    
         197   0.00000000    
         198   0.00000000    
         199   0.00000000    
         200   0.00000000    
         201   0.00000000    
         202   0.00000000    
         203   0.00000000    
         204   0.00000000    
         205   0.00000000    
         206   0.00000000    
         207   0.00000000    
         208   0.00000000    
         209   0.00000000    
         210   0.00000000    
         211   0.00000000    
         212   0.00000000    
         213   0.00000000    
         214   0.00000000    
         215   0.00000000    
         216   0.00000000    
         217   0.00000000    
         218   0.00000000    
         219   0.00000000    
         220   0.00000000    
         221   0.00000000    
         222   0.00000000    
         223   0.00000000    
         224   0.00000000    
         225   0.00000000    
         226   0.00000000    
         227   0.00000000    
         228   0.00000000    
         229   0.00000000    
         230   0.00000000    
         231   0.00000000    
         232   0.00000000    
         233   0.00000000    
         234   0.00000000    
         235   0.00000000    
         236   0.00000000    
         237   0.00000000    
         238   0.00000000    
         239   0.00000000    
         240   0.00000000    
         241   0.00000000    
         242   0.00000000    
         243   0.00000000    
         244   0.00000000    
         245   0.00000000    
         246   0.00000000    
         247   0.00000000    
         248   0.00000000    
         249   0.00000000    
         250   0.00000000    
         251   0.00000000    
         252   0.00000000    
         253   0.00000000    
         254   0.00000000    
         255   0.00000000    
         256   0.00000000    
         257   0.00000000    
         258   0.00000000    
         259   0.00000000    
         260   0.00000000    
         261   0.00000000    
         262   0.00000000    
         263   0.00000000    
         264   0.00000000    
         265   0.00000000    
         266   0.00000000    
         267   0.00000000    
         268   0.00000000    
         269   0.00000000    
         270   0.00000000    
         271   0.00000000    
         272   0.00000000    
         273   0.00000000    
         274   0.00000000    
         275   0.00000000    
         276   0.00000000    
         277   0.00000000    
         278   0.00000000    
         279   0.00000000    
         280   0.00000000    
         281   0.00000000    
         282   0.00000000    
         283   0.00000000    
         284   0.00000000    
         285   0.00000000    
         286   0.00000000    
         287   0.00000000    
         288   0.00000000    
         289   0.00000000    
         290   0.00000000    
         291   0.00000000    
         292   0.00000000    
         293   0.00000000    
         294   0.00000000    
         295   0.00000000    
         296   0.00000000    
         297   0.00000000    
         298   0.00000000    
         299   0.00000000    
         300   0.00000000    
         301   0.00000000    
         302   0.00000000    
         303   0.00000000    
         304   0.00000000    
         305   0.00000000    
         306   0.00000000    
         307   0.00000000    
         308   0.00000000    
         309   0.00000000    
         310   0.00000000    
         311   0.00000000    
         312   0.00000000    
         313   0.00000000    
         314   0.00000000    
         315   0.00000000    
         316   0.00000000    
         317   0.00000000    
         318   0.00000000    
         319   0.00000000    
         320   0.00000000    
         321   0.00000000    
         322   0.00000000    
         323   0.00000000    
         324   0.00000000    
         325   0.00000000    
         326   0.00000000    
         327   0.00000000    
         328   0.00000000    
         329   0.00000000    
         330   0.00000000    
         331   0.00000000    
         332   0.00000000    
         333   0.00000000    
         334   0.00000000    
         335   0.00000000    
         336   0.00000000    
         337   0.00000000    
         338   0.00000000    
         339   0.00000000    
         340   0.00000000    
         341   0.00000000    
         342   0.00000000    
         343   0.00000000    
         344   0.00000000    
         345   0.00000000    
         346   0.00000000    
         347   0.00000000    
         348   0.00000000    
         349   0.00000000    
         350   0.00000000    
         351   0.00000000    
         352   0.00000000    
         353   0.00000000    
         354   0.00000000    
         355   0.00000000    
         356   0.00000000    
         357   0.00000000    
         358   0.00000000    
         359   0.00000000    
         360   0.00000000    
         361   0.00000000    
         362   0.00000000    
         363   0.00000000    
         364   0.00000000    
         365   0.00000000    
         366   0.00000000    
         367   0.00000000    
         368   0.00000000    
         369   0.00000000    
         370   0.00000000    
         371   0.00000000    
         372   0.00000000    
         373   0.00000000    
         374   0.00000000    
         375   0.00000000    
         376   0.00000000    
         377   0.00000000    
         378   0.00000000    
         379   0.00000000    
         380   0.00000000    
         381   0.00000000    
         382   0.00000000    
         383   0.00000000    
         384   0.00000000    
         385   0.00000000    
         386   0.00000000    
         387   0.00000000    
         388   0.00000000    
         389   0.00000000    
         390   0.00000000    
         391   0.00000000    
         392   0.00000000    
         393   0.00000000    
         394   0.00000000    
         395   0.00000000    
         396   0.00000000    
         397   0.00000000    
         398   0.00000000    
         399   0.00000000    
         400   0.00000000    
         401  -1.06591737    
         402  -1.06591737    
         403  -1.06591737    
         404  -1.06591737    
         405  -1.06591737    
         406  -1.06591737    
         407  -1.06591737    
         408  -1.06591737    
         409  -1.06591737    
         410  -1.06591737    
         411  -1.06591737    
         412  -1.06591737    
         413  -1.06591737    
         414  -1.06591737    
         415  -1.06591737    
         416  -1.06591737    
         417  -1.06591737    
         418  -1.06591737    
         419  -1.06591737    
         420  -1.06591737    
         421  -1.06591737    
         422  -1.06591737    
         423  -1.06591737    
         424  -1.06591737    
         425  -1.06591737    
         426  -1.06591737    
         427  -1.06591737    
         428  -1.06591737    
         429  -1.06591737    
         430  -1.06591737    
         431  -1.06591737    
         432  -1.06591737    
         433  -1.06591737    
         434  -1.06591737    
         435  -1.06591737    
         436  -1.06591737    
         437  -1.06591737    
         438  -1.06591737    
         439  -1.06591737    
         440  -1.06591737    
         441  -1.06591737    
         442  -1.06591737    
         443  -1.06591737    
         444  -1.06591737    
         445  -1.06591737    
         446  -1.06591737    
         447  -1.06591737    
         448  -1.06591737    
         449  -1.06591737    
         450  -1.06591737    
         451  -1.06591737    
         452  -1.06591737    
         453  -1.06591737    
         454  -1.06591737    
         455  -1.06591737    
         456  -1.06591737    
         457  -1.06591737    
         458  -1.06591737    
         459  -1.06591737    
         460  -1.06591737    
         461  -1.06591737    
         462  -1.06591737    
         463  -1.06591737    
         464  -1.06591737    
         465  -1.06591737    
         466  -1.06591737    
         467  -1.06591737    
         468  -1.06591737    
         469  -1.06591737    
         470  -1.06591737    
         471  -1.06591737    
         472  -1.06591737    
         473  -1.06591737    
         474  -1.06591737    
         475  -1.06591737    
         476  -1.06591737    
         477  -1.06591737    
         478  -1.06591737    
         479  -1.06591737    
         480  -1.06591737    
         481  -1.06591737    
         482  -1.06591737    
         483  -1.06591737    
         484  -1.06591737    
         485  -1.06591737    
         486  -1.06591737    
         487  -1.06591737    
         488  -1.06591737    
         489  -1.06591737    
         490  -1.06591737    
         491  -1.06591737    
         492  -1.06591737    
         493  -1.06591737    
         494  -1.06591737    
         495  -1.06591737    
         496  -1.06591737    
         497  -1.06591737    
         498  -1.06591737    
         499  -1.06591737    
         500  -1.06591737    
         501  -1.06591737    
         502  -1.06591737    
         503  -1.06591737    
         504  -1.06591737    
         505  -1.06591737    
         506  -1.06591737    
         507  -1.06591737    
         508  -1.06591737    
         509  -1.06591737    
         510  -1.06591737    
         511  -1.06591737    
         512  -1.06591737    
         513  -1.06591737    
         514  -1.06591737    
         515  -1.06591737    
         516  -1.06591737    
         517  -1.06591737    
         518  -1.06591737    
         519  -1.06591737    
         520  -1.06591737    
         521  -1.06591737    
         522  -1.06591737    
         523  -1.06591737    
         524  -1.06591737    
         525  -1.06591737    
         526  -1.06591737    
         527  -1.06591737    
         528  -1.06591737    
         529  -1.06591737    
         530  -1.06591737    
         531  -1.06591737    
         532  -1.06591737    
         533  -1.06591737    
         534  -1.06591737    
         535  -1.06591737    
         536  -1.06591737    
         537  -1.06591737    
         538  -1.06591737    
         539  -1.06591737    
         540  -1.06591737    
         541  -1.06591737    
         542  -1.06591737    
         543  -1.06591737    
         544  -1.06591737    
         545  -1.06591737    
         546  -1.06591737    
         547  -1.06591737    
         548  -1.06591737    
         549  -1.06591737    
         550  -1.06591737    
         551  -1.06591737    
         552  -1.06591737    
         553  -1.06591737    
         554  -1.06591737    
         555  -1.06591737    
         556  -1.06591737    
         557  -1.06591737    
         558  -1.06591737    
         559  -1.06591737    
         560  -1.06591737    
         561  -1.06591737    
         562  -1.06591737    
         563  -1.06591737    
         564  -1.06591737    
         565  -1.06591737    
         566  -1.06591737    
         567  -1.06591737    
         568  -1.06591737    
         569  -1.06591737    
         570  -1.06591737    
         571  -1.06591737    
         572  -1.06591737    
         573  -1.06591737    
         574  -1.06591737    
         575  -1.06591737    
         576  -1.06591737    
         577  -1.06591737    
         578  -1.06591737    
         579  -1.06591737    
         580  -1.06591737    
         581  -1.06591737    
         582  -1.06591737    
         583  -1.06591737    
         584  -1.06591737    
         585  -1.06591737    
         586  -1.06591737    
         587  -1.06591737    
         588  -1.06591737    
         589  -1.06591737    
         590  -1.06591737    
         591  -1.06591737    
         592  -1.06591737    
         593  -1.06591737    
         594  -1.06591737    
         595  -1.06591737    
         596  -1.06591737    
         597  -1.06591737    
         598  -1.06591737    
         599  -1.06591737    
         600  -1.06591737    
         601   0.00000000    
         602   0.00000000    
         603   0.00000000    
         604   0.00000000    
         605   0.00000000    
         606   0.00000000    
         607   0.00000000    
         608   0.00000000    
         609   0.00000000    
         610   0.00000000    
         611   0.00000000    
         612   0.00000000    
         613   0.00000000    
         614   0.00000000    
         615   0.00000000    
         616   0.00000000    
         617   0.00000000    
         618   0.00000000    
         619   0.00000000    
         620   0.00000000    
         621   0.00000000    
         622   0.00000000    
         623   0.00000000    
         624   0.00000000    
         625   0.00000000    
         626   0.00000000    
         627   0.00000000    
         628   0.00000000    
         629   0.00000000    
         630   0.00000000    
         631   0.00000000    
         632   0.00000000    
         633   0.00000000    
         634   0.00000000    
         635   0.00000000    
         636   0.00000000    
         637   0.00000000    
         638   0.00000000    
         639   0.00000000    
         640   0.00000000    
         641   0.00000000    
         642   0.00000000    
         643   0.00000000    
         644   0.00000000    
         645   0.00000000    
         646   0.00000000    
         647   0.00000000    
         648   0.00000000    
         649   0.00000000    
         650   0.00000000    
         651   0.00000000    
         652   0.00000000    
         653   0.00000000    
         654   0.00000000    
         655   0.00000000    
         656   0.00000000    
         657   0.00000000    
         658   0.00000000    
         659   0.00000000    
         660   0.00000000    
         661   0.00000000    
         662   0.00000000    
         663   0.00000000    
         664   0.00000000    
         665   0.00000000    
         666   0.00000000    
         667   0.00000000    
         668   0.00000000    
         669   0.00000000    
         670   0.00000000    
         671   0.00000000    
         672   0.00000000    
         673   0.00000000    
         674   0.00000000    
         675   0.00000000    
         676   0.00000000    
         677   0.00000000    
         678   0.00000000    
         679   0.00000000    
         680   0.00000000    
         681   0.00000000    
         682   0.00000000    
         683   0.00000000    
         684   0.00000000    
         685   0.00000000    
         686   0.00000000    
         687   0.00000000    
         688   0.00000000    
         689   0.00000000    
         690   0.00000000    
         691   0.00000000    
         692   0.00000000    
         693   0.00000000    
         694   0.00000000    
         695   0.00000000    
         696   0.00000000    
         697   0.00000000    
         698   0.00000000    
         699   0.00000000    
         700   0.00000000    
         701   0.00000000    
         702   0.00000000    
         703   0.00000000    
         704   0.00000000    
         705   0.00000000    
         706   0.00000000    
         707   0.00000000    
         708   0.00000000    
         709   0.00000000    
         710   0.00000000    
         711   0.00000000    
         712   0.00000000    
         713   0.00000000    
         714   0.00000000    
         715   0.00000000    
         716   0.00000000    
         717   0.00000000    
         718   0.00000000    
         719   0.00000000    
         720   0.00000000    
         721   0.00000000    
         722   0.00000000    
         723   0.00000000    
         724   0.00000000    
         725   0.00000000    
         726   0.00000000    
         727   0.00000000    
         728   0.00000000    
         729   0.00000000    
         730   0.00000000    
         731   0.00000000    
         732   0.00000000    
         733   0.00000000    
         734   0.00000000    
         735   0.00000000    
         736   0.00000000    
         737   0.00000000    
         738   0.00000000    
         739   0.00000000    
         740   0.00000000    
         741   0.00000000    
         742   0.00000000    
         743   0.00000000    
         744   0.00000000    
         745   0.00000000    
         746   0.00000000    
         747   0.00000000    
         748   0.00000000    
         749   0.00000000    
         750   0.00000000    
         751   0.00000000    
         752   0.00000000    
         753   0.00000000    
         754   0.00000000    
         755   0.00000000    
         756   0.00000000    
         757   0.00000000    
         758   0.00000000    
         759   0.00000000    
         760   0.00000000    
         761   0.00000000    
         762   0.00000000    
         763   0.00000000    
         764   0.00000000    
         765   0.00000000    
         766   0.00000000    
         767   0.00000000    
         768   0.00000000    
         769   0.00000000    
         770   0.00000000    
         771   0.00000000    
         772   0.00000000    
         773   0.00000000    
         774   0.00000000    
         775   0.00000000    
         776   0.00000000    
         777   0.00000000    
         778   0.00000000    
         779   0.00000000    
         780   0.00000000    
         781   0.00000000    
         782   0.00000000    
         783   0.00000000    
         784   0.00000000    
         785   0.00000000    
         786   0.00000000    
         787   0.00000000    
         788   0.00000000    
         789   0.00000000    
         790   0.00000000    
         791   0.00000000    
         792   0.00000000    
         793   0.00000000    
         794   0.00000000    
         795   0.00000000    
         796   0.00000000    
         797   0.00000000    
         798   0.00000000    
         799   0.00000000    
         800   0.00000000    
         801   0.00000000    
         802   0.00000000    
         803   0.00000000    
         804   0.00000000    
         805   0.00000000    
         806   0.00000000    
         807   0.00000000    
         808   0.00000000    
         809   0.00000000    
         810   0.00000000    
         811   0.00000000    
         812   0.00000000    
         813   0.00000000    
         814   0.00000000    
         815   0.00000000    
         816   0.00000000    
         817   0.00000000    
         818   0.00000000    
         819   0.00000000    
         820   0.00000000    
         821   0.00000000    
         822   0.00000000    
         823   0.00000000    
         824   0.00000000    
         825   0.00000000    
         826   0.00000000    
         827   0.00000000    
         828   0.00000000    
         829   0.00000000    
         830   0.00000000    
         831   0.00000000    
         832   0.00000000    
         833   0.00000000    
         834   0.00000000    
         835   0.00000000    
         836   0.00000000    
         837   0.00000000    
         838   0.00000000    
         839   0.00000000    
         840   0.00000000    
         841   0.00000000    
         842   0.00000000    
         843   0.00000000    
         844   0.00000000    
         845   0.00000000    
         846   0.00000000    
         847   0.00000000    
         848   0.00000000    
         849   0.00000000    
         850   0.00000000    
         851   0.00000000    
         852   0.00000000    
         853   0.00000000    
         854   0.00000000    
         855   0.00000000    
         856   0.00000000    
         857   0.00000000    
         858   0.00000000    
         859   0.00000000    
         860   0.00000000    
         861   0.00000000    
         862   0.00000000    
         863   0.00000000    
         864   0.00000000    
         865   0.00000000    
         866   0.00000000    
         867   0.00000000    
         868   0.00000000    
         869   0.00000000    
         870   0.00000000    
         871   0.00000000    
         872   0.00000000    
         873   0.00000000    
         874   0.00000000    
         875   0.00000000    
         876   0.00000000    
         877   0.00000000    
         878   0.00000000    
         879   0.00000000    
         880   0.00000000    
         881   0.00000000    
         882   0.00000000    
         883   0.00000000    
         884   0.00000000    
         885   0.00000000    
         886   0.00000000    
         887   0.00000000    
         888   0.00000000    
         889   0.00000000    
         890   0.00000000    
         891   0.00000000    
         892   0.00000000    
         893   0.00000000    
         894   0.00000000    
         895   0.00000000    
         896   0.00000000    
         897   0.00000000    
         898   0.00000000    
         899   0.00000000    
         900   0.00000000    
         901   0.00000000    
         902   0.00000000    
         903   0.00000000    
         904   0.00000000    
         905   0.00000000    
         906   0.00000000    
         907   0.00000000    
         908   0.00000000    
         909   0.00000000    
         910   0.00000000    
         911   0.00000000    
         912   0.00000000    
         913   0.00000000    
         914   0.00000000    
         915   0.00000000    
         916   0.00000000    
         917   0.00000000    
         918   0.00000000    
         919   0.00000000    
         920   0.00000000    
         921   0.00000000    
         922   0.00000000    
         923   0.00000000    
         924   0.00000000    
         925   0.00000000    
         926   0.00000000    
         927   0.00000000    
         928   0.00000000    
         929   0.00000000    
         930   0.00000000    
         931   0.00000000    
         932   0.00000000    
         933   0.00000000    
         934   0.00000000    
         935   0.00000000    
         936   0.00000000    
         937   0.00000000    
         938   0.00000000    
         939   0.00000000    
         940   0.00000000    
         941   0.00000000    
         942   0.00000000    
         943   0.00000000    
         944   0.00000000    
         945   0.00000000    
         946   0.00000000    
         947   0.00000000    
         948   0.00000000    
         949   0.00000000    
         950   0.00000000    
         951   0.00000000    
         952   0.00000000    
         953   0.00000000    
         954   0.00000000    
         955   0.00000000    
         956   0.00000000    
         957   0.00000000    
         958   0.00000000    
         959   0.00000000    
         960   0.00000000    
         961   0.00000000    
         962   0.00000000    
         963   0.00000000    
         964   0.00000000    
         965   0.00000000    
         966   0.00000000    
         967   0.00000000    
         968   0.00000000    
         969   0.00000000    
         970   0.00000000    
         971   0.00000000    
         972   0.00000000    
         973   0.00000000    
         974   0.00000000    
         975   0.00000000    
         976   0.00000000    
         977   0.00000000    
         978   0.00000000    
         979   0.00000000    
         980   0.00000000    
         981   0.00000000    
         982   0.00000000    
         983   0.00000000    
         984   0.00000000    
         985   0.00000000    
         986   0.00000000    
         987   0.00000000    
         988   0.00000000    
         989   0.00000000    
         990   0.00000000    
         991   0.00000000    
         992   0.00000000    
         993   0.00000000    
         994   0.00000000    
         995   0.00000000    
         996   0.00000000    
         997   0.00000000    
         998   0.00000000    
         999   0.00000000    
        1000   0.00000000    
        1001   0.00000000    
